10 0.000142
11 0.000124
12 0.000090
13 0.000098
14 0.000106
15 0.000109
16 0.000116
17 0.000123
18 0.000140
19 0.000139
20 0.000146
21 0.000158
22 0.000160
23 0.000168
24 0.000175
25 0.000183
26 0.000182
27 0.000188
28 0.000195
29 0.000194
30 0.000211
31 0.000220
32 0.000224
33 0.000231
34 0.000237
35 0.000253
36 0.000259
37 0.000265
38 0.000304
39 0.000303
40 0.000286
41 0.000300
42 0.000302
43 0.000307
44 0.000315
45 0.000321
46 0.000340
47 0.000337
48 0.000348
49 0.000353
50 0.000361
51 0.000382
52 0.000371
53 0.000377
54 0.000390
55 0.000403
56 0.000418
57 0.000416
58 0.000422
59 0.000447
60 0.000445
61 0.000456
62 0.000459
63 0.000481
64 0.000473
65 0.000484
66 0.000499
67 0.000503
68 0.000526
69 0.000533
70 0.000527
71 0.000541
72 0.000550
73 0.000557
74 0.000560
75 0.000579
76 0.000583
77 0.000583
78 0.000606
79 0.000608
80 0.000613
81 0.000633
82 0.000630
83 0.000647
84 0.000651
85 0.000656
86 0.000671
87 0.000674
88 0.000686
89 0.000688
90 0.000701
91 0.000715
92 0.000714
93 0.000736
94 0.000751
95 0.000757
96 0.000752
97 0.000772
98 0.000770
99 0.000790
100 0.000784
101 0.000806
102 0.000804
103 0.000826
104 0.000826
105 0.000841
106 0.000839
107 0.000862
108 0.000915
109 0.000886
110 0.000882
111 0.000896
112 0.000899
113 0.000919
114 0.000923
115 0.000937
116 0.000944
117 0.000951
118 0.000959
119 0.000983
120 0.000985
121 0.000989
122 0.000994
123 0.001012
124 0.001015
125 0.001034
126 0.001048
127 0.001043
128 0.001095
129 0.001082
130 0.001142
131 0.001110
132 0.001141
133 0.001116
134 0.001130
135 0.001211
136 0.001176
137 0.001225
138 0.001246
139 0.001354
140 0.001232
141 0.001354
142 0.001427
143 0.001368
144 0.001301
145 0.001297
146 0.001357
147 0.001403
148 0.001409
149 0.001437
150 0.001384
151 0.001425
152 0.001471
153 0.001455
154 0.001473
155 0.001521
156 0.001498
157 0.001513
158 0.001563
159 0.001588
160 0.001433
161 0.001442
162 0.001505
163 0.001528
164 0.001607
165 0.001657
166 0.001652
167 0.001636
168 0.001609
169 0.001635
170 0.001637
171 0.001665
172 0.001686
173 0.001728
174 0.001671
175 0.001681
176 0.001754
177 0.001729
178 0.001749
179 0.001627
180 0.001633
181 0.002026
182 0.003757
183 0.002407
184 0.001686
185 0.001689
186 0.001693
187 0.001918
188 0.001736
189 0.001745
190 0.001760
191 0.001775
192 0.001798
193 0.001817
194 0.001904
195 0.001850
196 0.002170
197 0.002184
198 0.002036
199 0.002191
200 0.002067
201 0.002061
202 0.002026
203 0.002102
204 0.002093
205 0.002090
206 0.002117
207 0.002158
208 0.002009
209 0.002027
210 0.002027
211 0.002098
212 0.002278
213 0.002709
214 0.002837
215 0.002283
216 0.002075
217 0.002088
218 0.002092
219 0.002126
220 0.002119
221 0.002144
222 0.002162
223 0.002282
224 0.002589
225 0.002362
226 0.002370
227 0.002372
228 0.002284
229 0.002263
230 0.002376
231 0.002282
232 0.002266
233 0.002289
234 0.002290
235 0.002307
236 0.002454
237 0.002457
238 0.002356
239 0.002361
240 0.002474
241 0.002622
242 0.002615
243 0.002656
244 0.002625
245 0.002580
246 0.002617
247 0.002677
248 0.002635
249 0.002522
250 0.002503
251 0.002488
252 0.002518
253 0.002606
254 0.002577
255 0.002582
256 0.002587
257 0.002593
258 0.002644
259 0.002617
260 0.002625
261 0.002672
262 0.002929
263 0.003016
264 0.002938
265 0.002860
266 0.002923
267 0.002827
268 0.002766
269 0.002766
270 0.002776
271 0.002777
272 0.002816
273 0.002838
274 0.002946
275 0.003143
276 0.003063
277 0.003114
278 0.003034
279 0.003117
280 0.003266
281 0.003139
282 0.003140
283 0.003117
284 0.003036
285 0.002982
286 0.002954
287 0.003127
288 0.002989
289 0.003440
290 0.003338
291 0.003340
292 0.003321
293 0.003354
294 0.003347
295 0.003389
296 0.003408
297 0.003414
298 0.003486
299 0.003770
300 0.003459
301 0.006391
302 0.003628
303 0.003332
304 0.003567
305 0.004781
306 0.005125
307 0.005364
308 0.004648
309 0.004671
310 0.004488
311 0.004472
312 0.003672
313 0.003935
314 0.003458
315 0.003487
316 0.003586
317 0.003538
318 0.003740
319 0.003926
320 0.004954
321 0.004741
322 0.005043
323 0.004688
324 0.004228
325 0.003747
326 0.004095
327 0.005049
328 0.004406
329 0.003754
330 0.004023
331 0.005210
332 0.005199
333 0.005277
334 0.004841
335 0.005293
336 0.004358
337 0.004104
338 0.003953
339 0.003783
340 0.003879
341 0.003859
342 0.004043
343 0.004368
344 0.005405
345 0.005291
346 0.005093
347 0.004361
348 0.004184
349 0.004119
350 0.004229
351 0.004122
352 0.004023
353 0.004128
354 0.004147
355 0.004236
356 0.004156
357 0.004159
358 0.004191
359 0.004174
360 0.004228
361 0.005216
362 0.004332
363 0.004234
364 0.004222
365 0.004224
366 0.004220
367 0.004238
368 0.004265
369 0.004305
370 0.004442
371 0.004345
372 0.004339
373 0.004356
374 0.004391
375 0.004410
376 0.004426
377 0.004433
378 0.004463
379 0.004484
380 0.004484
381 0.004476
382 0.004498
383 0.004695
384 0.004593
385 0.004583
386 0.004582
387 0.004613
388 0.004644
389 0.004633
390 0.004665
391 0.004831
392 0.004703
393 0.005801
394 0.004731
395 0.004818
396 0.004777
397 0.004803
398 0.005329
399 0.004821
400 0.006794
401 0.004857
402 0.004946
403 0.004894
404 0.004874
405 0.005077
406 0.004939
407 0.004952
408 0.004955
409 0.005017
410 0.005000
411 0.005019
412 0.005130
413 0.005155
414 0.005647
415 0.005528
416 0.005460
417 0.005508
418 0.005512
419 0.005687
420 0.005339
421 0.005245
422 0.005263
423 0.005268
424 0.005182
425 0.005184
426 0.005242
427 0.005449
428 0.005404
429 0.005343
430 0.005615
431 0.005573
432 0.005372
433 0.005371
434 0.005371
435 0.005634
436 0.005826
437 0.006159
438 0.005491
439 0.005531
440 0.005587
441 0.005601
442 0.005564
443 0.005583
444 0.005528
445 0.005613
446 0.005506
447 0.005676
448 0.006242
449 0.005748
450 0.006017
451 0.006031
452 0.005994
453 0.005723
454 0.005836
455 0.005837
456 0.005754
457 0.005728
458 0.005778
459 0.005915
460 0.005792
461 0.006072
462 0.005855
463 0.005869
464 0.005956
465 0.005952
466 0.006021
467 0.006024
468 0.006048
469 0.006079
470 0.006252
471 0.006137
472 0.006143
473 0.006167
474 0.006303
475 0.006176
476 0.006216
477 0.006232
478 0.006245
479 0.006350
480 0.006171
481 0.006194
482 0.006253
483 0.006247
484 0.006244
485 0.006377
486 0.006322
487 0.006305
488 0.006358
489 0.006327
490 0.006303
491 0.006345
492 0.006389
493 0.006406
494 0.006437
495 0.006496
496 0.006493
497 0.006504
498 0.006508
499 0.006545
500 0.006864
